ВАРИАНТ 1


1)
-12 -71 68 -93 -57 11 -18 -11 14 -55 -6 53 -4 

2)
-12 -71 68 -93 -57 11 -18 -11 14 -55 53 

3)
-12 -71 68 -93 -57 11 75 -18 -11 14 -55 53 


ВАРИАНТ 2


1)
37 27 72 -81 45 73 -87 -77 -80 -54 -40 11 

2)
37 -81 45 -87 -77 73 -80 -54 -40 11 

3)
37 -81 45 -87 -77 39 73 -80 -54 47 -40 11 


ВАРИАНТ 3


1)
38 25 45 -42 39 83 -94 0 55 -97 -50 -4 72 -99 -37 

2)
38 25 45 -42 39 55 -94 0 72 -97 -50 -4 -99 

3)
38 25 45 -42 26 39 55 -94 0 72 -97 -50 -4 59 -99 


ВАРИАНТ 4


1)
-82 -85 52 -49 86 -79 -24 64 37 56 -18 13 

2)
-82 -85 52 -49 86 -24 56 37 -18 13 

3)
-82 -85 52 -49 86 -73 -24 56 37 -18 13 11 


ВАРИАНТ 5


1)
-26 -61 67 -69 -59 24 92 -96 -68 5 25 81 97 -24 32 80 65 

2)
-26 -61 67 -69 -59 24 92 -96 -68 5 25 80 97 -24 65 

3)
-26 -61 67 -69 -59 24 92 -96 -68 5 25 80 97 -93 -24 65 95 


