Атлас Мария Игоревна
2
0323
1
3
3
5
4
5
5
5
5
2
1612043321
Балашевич Константин Дмитриевич
1
0323
2
5
5
5
5
5
5
5
5
2
1612043354
Балякина Вероника Владимировна
2
0323
3
2
2
5
4
5
5
5
5
2
1612043417
Вологин Максим Павлович
1
0323
4
5
5
5
5
5
5
5
5
2
1612043455
Голубцов Владислав Владимирович
1
0323
5
5
5
5
3
5
5
5
5
2
1612043515
Гусляков Андрей Дмитриевич
1
0323
6
4
3
5
5
2
2
5
5
2
1612043571
Егоров Михаил Алексеевич
1
0323
7
2
2
2
2
2
2
2
5
2
1612043654
Землянский Дмитрий Анатольевич
1
0323
8
4
4
5
4
5
5
5
5
2
1612043704
Квачадзе Самсон Васильевич
1
0323
9
5
5
5
4
5
5
5
5
2
1612043749
Кольцов Кирилл Эдуардович
1
0323
10
5
5
5
5
5
5
5
5
2
1612043789
Ivanchuk Evgenia Vadimovna
2
9894
6
3
4
5
5
5
5
5
5
2
1582995944
Zhernakova Anna Arsenievna
2
6543
2
5
5
5
5
5
5
5
5
1
1582461339
Raskosnova Alisa Grigorievna
2
9876
10
4
4
5
4
5
4
5
4
2
1582578886
Ivanov Ivan Ivanovich
1
1000
5
5
5
5
5
5
5
5
5
3
1582998104
Sidorova Maria Alexandrovna
2
7575
12
3
4
5
4
4
4
5
5
1
1582995449
Alexandrov Vasily Alexandrovich
1
7676
1
4
4
4
4
4
4
4
4
1
1582995528
Zaytsev Yuri Yurievich
1
7676
4
4
5
4
4
4
4
4
4
1
1582995573
Lanova Olga Borisovna
2
9890
9
5
5
5
5
5
5
5
5
2
1582995664
Solovieva Natalia Dmitrievna
2
1000
11
4
5
4
4
5
5
5
5
3
1582995722
Mamontova Iskra Ivanovna
2
6543
9
4
4
5
4
5
4
5
4
1
1582998997
Ivanova Ivanna Ivanovna
2
2000
1
4
5
4
5
4
5
4
5
1
1583519337